0.0 0 0.0
0.1 10 1.36941114769
0.2 11 1.36572357645
0.3 11 1.36572357645
0.4 11 1.36572357645
0.5 11 1.36572357645
0.6 11 1.36572357645
0.7 11 1.36572357645
0.8 11 1.36572357645
0.9 11 1.36572357645
1.0 11 1.36572357645
1.1 11 1.36572357645
1.2 11 1.36572357645
1.3 11 1.36572357645
1.4 11 1.36572357645
1.5 11 1.36572357645
1.6 11 1.36572357645
1.7 11 1.36572357645
1.8 11 1.36572357645
1.9 11 1.36572357645
2.0 11 1.36572357645
2.1 11 1.36572357645
2.2 11 1.36572357645
2.3 11 1.36572357645
2.4 11 1.36572357645
2.5 11 1.36572357645
2.6 11 1.36572357645
2.7 11 1.36572357645
2.8 11 1.36572357645
2.9 3 2.23947574786
3.0 3 2.23947574786
3.1 3 2.23947574786
3.2 3 2.23947574786
3.3 3 2.23947574786
3.4 3 2.23947574786
3.5 3 2.23947574786
3.6 3 2.23947574786
3.7 3 2.23947574786
3.8 3 2.23947574786
3.9 3 2.23947574786
4.0 3 2.23947574786
4.1 3 2.23947574786
4.2 3 2.23947574786
4.3 3 2.23947574786
4.4 3 2.23947574786
4.5 3 2.23947574786
4.6 3 2.23947574786
4.7 3 2.23947574786
4.8 3 2.23947574786
4.9 3 2.23947574786
5.0 3 2.23947574786
5.1 3 2.23947574786
5.2 3 2.23947574786
5.3 3 2.23947574786
5.4 3 2.23947574786
5.5 3 2.23947574786
5.6 3 2.23947574786
5.7 3 2.23947574786
5.8 3 2.23947574786
5.9 3 2.23947574786
6.0 3 2.23947574786
6.1 3 2.23947574786
6.2 3 2.23947574786
6.3 3 2.23947574786
6.4 3 2.23947574786
6.5 3 2.23947574786
6.6 3 2.23947574786
6.7 3 2.23947574786
6.8 3 2.23947574786
6.9 3 2.23947574786
7.0 3 2.23947574786
7.1 3 2.23947574786
7.2 3 2.23947574786
7.3 3 2.23947574786
7.4 3 2.23947574786
7.5 3 2.23947574786
7.6 3 2.23947574786
7.7 3 2.23947574786
7.8 3 2.23947574786
7.9 3 2.23947574786
8.0 3 2.23947574786
8.1 3 2.23947574786
8.2 3 2.23947574786
8.3 3 2.23947574786
8.4 3 2.23947574786
8.5 3 2.23947574786
8.6 3 2.23947574786
8.7 3 2.23947574786
8.8 3 2.23947574786
8.9 3 2.23947574786
9.0 3 2.23947574786
9.1 3 2.23947574786
9.2 3 2.23947574786
9.3 3 2.23947574786
9.4 3 2.23947574786
9.5 3 2.23947574786
9.6 3 2.23947574786
9.7 3 2.23947574786
9.8 3 2.23947574786
9.9 3 2.23947574786
10.0 3 2.23947574786
